Minimum number of eigenvectors that explain at least 90% of the variance = 41
k = 1 - Error Rate: 0.10483870967741936
k = 3 - Error Rate: 0.20161290322580644
k = 5 - Error Rate: 0.3225806451612903
k = 7 - Error Rate: 0.24193548387096775